0 86 0 18 0 0 0 36 0 0 0 0 50 0 0 0 0
0 0 51 0 0 0 0 0 0 0 0 0 0 0 0 0 0
0 0 0 0 0 0 0 0 0 0 0 102 0 0 0 0 0
0 0 0 0 26 0 0 0 23 0 20 0 0 0 0 0 0
0 0 0 0 0 51 0 0 0 0 0 0 0 0 0 0 0
0 0 0 0 0 0 37 0 0 0 0 0 0 0 0 0 0
0 0 0 0 0 0 0 0 0 0 0 31 0 0 0 0 0
0 0 0 0 0 0 0 0 19 0 0 0 0 0 0 0 0
0 0 0 0 0 0 0 0 0 18 0 0 0 0 0 0 0
0 0 0 0 0 0 0 0 0 0 7 0 0 0 0 0 0
0 0 0 0 0 0 0 0 0 0 0 63 0 0 0 0 0
0 0 0 0 0 0 0 0 0 0 0 0 0 0 0 31 0
0 0 0 0 0 0 0 0 0 0 0 0 0 12 0 0 0
0 0 0 0 0 0 0 0 0 0 0 0 0 0 18 0 0
0 0 0 0 0 0 0 0 0 0 0 0 0 0 0 80 0
0 0 0 0 0 0 0 0 0 0 0 0 0 0 0 0 167
0 0 0 0 0 0 0 0 0 0 0 0 0 0 0 0 0